,["GNB-k0", "Kama-GNB",13.29617931780437,15.612267181244892,0.9330908604632461,5.560349902467521,3.3311098036660893,1.9479154152686975,4.986577931049105,]
,["GNB-k1", "Kama-GNB",13.773038655889705,14.401425575689087,0.8836268574517242,5.444516689858856,3.47990345841566,2.702237106358739,5.153368509026037,]
,["GNB-k2", "Kama-GNB",13.81803102940575,14.215565113325196,0.8914740499321941,5.572929194124406,3.248466100864096,2.7607155510162276,4.840534295084554,]
,["GNB-k3", "Kama-GNB",13.570676753513855,14.979050060880407,0.9177655196259309,5.852061222825001,3.078518413893673,2.4108124368274337,5.359659243245793,]
,["GNB-k4", "Kama-GNB",14.854939655652643,13.329359608400596,0.8873930957290378,6.053829273987909,2.8678675894799777,1.9078390092317825,5.010853104579399,]
,["GNB-k5", "Kama-GNB",15.067980034492102,15.357999491242746,0.8898515328889659,5.8333655407746425,2.9907462865622105,4.676785150099118,5.0981785166618065,]
,["GNB-k6", "Kama-GNB",13.370876382462928,15.007450280945529,0.8497580597914526,5.823717473109216,3.3782622291155473,3.420412446340257,5.249388370756617,]
,["GNB-k7", "Kama-GNB",15.866256876505062,13.901643902946736,0.8729258956654794,5.598846519548565,3.105350019116866,4.831398578985246,4.98706618663166,]
,["GNB-k8", "Kama-GNB",16.297684644782517,14.157157801575327,0.8600515676411341,5.2343237955447774,2.9198607809384445,0.8325814848828279,5.333651142279179,]
,["GNB-k9", "Kama-GNB",14.580253957394877,14.955343602716678,0.8841136168306363,5.791012759903731,3.0768577608369894,1.5598289774645064,4.593299487375709,]
,["GNB-k10", "Kama-GNB",13.583813388903133,15.203526446104906,0.8702063558540952,5.636931907812979,3.3685311547374015,3.0602810302801315,4.655095036995257,]
,["GNB-k11", "Kama-GNB",13.882661306691173,14.114642106382108,0.8955341046542215,5.145864982508613,2.993269830241124,4.809078214805988,4.917254983646782,]
,["GNB-k12", "Kama-GNB",12.813234026639053,14.384251879158636,0.8769352319551464,5.763024329990303,3.2333089990106414,3.738295401524803,4.907061694113674,]
,["GNB-k13", "Kama-GNB",13.774737473198496,14.843659348252872,0.8838390393531576,5.746669438761188,3.1258002757576913,2.981404870623758,4.693163481593711,]
,["GNB-k14", "Kama-GNB",13.691663079879325,14.987053779328805,0.8643526660837854,5.7846840010569585,3.139334987552038,1.820637150501468,5.036130817389065,]
,["GNB-k15", "Kama-GNB",15.040574165255231,14.239456568568954,0.9202533838186393,5.435384577473718,3.6144494300228995,1.8756232805415203,4.858424656114727,]
,["GNB-k16", "Kama-GNB",14.115213927506769,13.581049669929635,0.8758942097985861,5.463932926410385,3.256812570679458,3.361735182040992,5.05472793537017,]
,["GNB-k17", "Kama-GNB",13.527331891315002,14.64591594147774,0.915015453161967,5.878489710995444,3.3750454831519643,3.104663674309435,5.090599744460684,]
,["GNB-k18", "Kama-GNB",14.986342081154703,14.427948981002988,0.8809133683680951,5.749573500370165,3.2219049967270634,0.14320465340776733,5.586531788752187,]
,["GNB-k19", "Kama-GNB",14.163343922607579,14.04014310280838,0.8682720279400932,5.545781447751632,3.352625584086671,1.6710575441965405,5.380587380432227,]
,["GNB-k20", "Kama-GNB",13.130093867099651,14.309964999041124,0.873230415488807,5.378256746036209,3.13535208709296,5.022847804111361,5.149162076430081,]
,["GNB-k21", "Kama-GNB",14.388215259157462,14.678556282138299,0.8872857272048166,5.935632538767488,3.3622082834939873,2.578288589733945,5.514806424154484,]
,["GNB-k22", "Kama-GNB",13.979222909127934,13.757636471088663,0.9035461029113729,5.706870444483959,3.3263841499584696,3.282475536051004,5.368179761827698,]
,["GNB-k23", "Kama-GNB",13.869622129117316,15.242639172257675,0.8579396471900254,5.6073398896423665,3.7541713794830374,2.3493620355958393,4.789603298518767,]
,["GNB-k24", "Kama-GNB",14.777124830077604,15.027348943245162,0.8807089893006838,5.4367717704141825,3.3820406743406926,4.202911025777374,5.214996538854257,]
,["GNB-k25", "Kama-GNB",13.32105869021617,13.36625455423023,0.8759680660692837,5.440548067559403,3.291836517868207,5.086713708555875,5.266299268746994,]
,["GNB-k26", "Kama-GNB",11.992041782581195,15.06521525038,0.8428692215368542,5.564217841773955,3.257836683457939,1.9533694507599781,4.967674036431724,]
,["GNB-k27", "Kama-GNB",14.12323501721718,14.015244413398957,0.8896760057469506,5.600166521655635,3.3402714442802046,2.4076024604200996,5.119703055762843,]
,["GNB-k28", "Kama-GNB",14.598297999215955,14.541768094019098,0.8885237013041616,5.347020139587334,3.1059680243344037,1.619436374968076,5.437858012323705,]
,["GNB-k29", "Kama-GNB",14.78216013186712,14.002350877360062,0.8717412098948889,5.897148062020585,3.1836512374112376,3.197315531255728,4.848077433229203,]
,["GNB-k30", "Kama-GNB",13.860152857512876,14.098113914931929,0.8833864630228276,5.390177559499596,3.349768959174381,2.1886740773105298,5.0105278569003495,]
,["GNB-k31", "Kama-GNB",16.15934566101253,14.894595519982687,0.8613014380639996,5.399370908941856,3.1528278748002583,2.032251804729386,4.734746500208598,]
,["GNB-k32", "Kama-GNB",13.950105998502577,15.712941000798933,0.8778966324199002,5.379954224061354,3.177062275289902,3.0836244416627694,5.3895409651942305,]
,["GNB-k33", "Kama-GNB",15.911577513725799,14.308751156581922,0.9333153035355505,5.671227953621607,3.319666135338964,2.3397364530247424,5.053229949320229,]
,["GNB-k34", "Kama-GNB",15.368933217640702,13.527122265657773,0.906618562143857,5.207500062559829,3.0762780321933736,4.45151998128439,5.321953292961098,]
,["GNB-k35", "Kama-GNB",16.351036284445076,14.234980606225404,0.8903514488640345,5.377886831777751,3.1463567558161794,2.1905901282668165,5.401821459530375,]
,["GNB-k36", "Kama-GNB",14.186471152898706,14.341488187836065,0.8785092887550507,5.702204906694161,3.2453112317373325,2.764848709071062,5.046244542474828,]
,["GNB-k37", "Kama-GNB",13.619932121271518,13.581728053323548,0.9120997987789514,5.3866022965058065,3.496216103405849,3.2632368625168167,4.7740288566023965,]
,["GNB-k38", "Kama-GNB",13.614841864903363,14.295736753991719,0.858112762081688,5.281903434662108,3.1023111842131743,2.155661818865941,4.954649536168643,]
,["GNB-k39", "Kama-GNB",15.49459162288298,14.78291030187979,0.8721338182380636,6.115204790233247,3.2534238663236263,3.0585883500914592,5.099727011689364,]
,["GNB-k40", "Kama-GNB",13.300350712112339,14.176775548581569,0.8621290957850963,5.51311524214636,3.3660677454987242,5.0615646230894695,5.550319790342686,]
,["GNB-k41", "Kama-GNB",15.076549370205152,14.47382376892927,0.8815375743013506,5.476315319874069,3.0817212974648114,2.3677486238343226,4.494275116012428,]
,["GNB-k42", "Kama-GNB",13.271382104757604,14.165212890930054,0.8974442391577957,5.746323324250747,3.1151871469812638,0.21815282262348923,5.01934713226212,]
,["GNB-k43", "Kama-GNB",15.269083455981084,14.9008077508123,0.9100339460450816,5.505124895720633,3.2475126019327347,5.0313566477180585,5.1048393809238375,]
,["GNB-k44", "Kama-GNB",15.229345301914101,14.481499798348393,0.8675550068420289,5.907718113114029,3.4426510658920266,2.214252053247853,5.473705302223368,]
,["GNB-k45", "Kama-GNB",13.393967134215552,14.873051977304144,0.8742427935478938,5.042495443520693,3.1691673567655343,3.532631075323907,5.097120694609746,]
,["GNB-k46", "Kama-GNB",14.555476627465334,14.306106722652448,0.9025427386839984,5.309076163012274,3.4411716122707143,2.0831287700374324,4.885191813489002,]
,["GNB-k47", "Kama-GNB",16.34852433517074,14.800878535678248,0.8358102203550916,5.464601131384475,3.0156841609414324,2.8966787612247487,5.199160461077989,]
,["GNB-k48", "Kama-GNB",13.03434735662685,13.775601609729522,0.8763512498983653,5.841927213642602,3.274554224618818,-0.5387104994702194,4.493955119779343,]
,["GNB-k49", "Kama-GNB",16.028596231627372,14.355298886461313,0.9007332275327304,5.295139630725933,3.0847680473159986,1.3885956488240587,4.992281878048312,]
,["GNB-k50", "Kama-GNB",16.157335184710412,14.346708143542525,0.9125270392747652,5.602379793648181,3.1413978460410363,1.4527244270443715,4.656995715243075,]
,["GNB-k51", "Kama-GNB",14.457404765689839,15.012977292293208,0.874490827370265,5.3773975994144285,2.879718283432099,2.051620053436429,5.279241413348007,]
,["GNB-k52", "Kama-GNB",14.527926138700789,14.671565874770769,0.8605634145793671,5.2230599419391135,3.3586019214907354,2.9617337759775135,4.908205054538342,]
,["GNB-k53", "Kama-GNB",14.059304022089819,13.974069463412823,0.8812175194476034,5.885301076726344,3.39121303699788,4.147701482739464,5.390226745071352,]
,["GNB-k54", "Kama-GNB",14.479193146407665,14.086127276333139,0.8809010031260591,5.834125081170545,3.17040033839437,3.4054041599661242,5.0098570409525465,]
,["GNB-k55", "Kama-GNB",13.055665385678404,13.959081267240519,0.8822082622291612,5.342845122564997,3.4534053500863013,3.8810550430161177,4.983103570277532,]
,["GNB-k56", "Kama-GNB",15.987610413104392,13.84663507763202,0.9128452040216326,5.50352860204226,3.332504470449383,4.648520628722227,5.479360243551711,]
,["GNB-k57", "Kama-GNB",11.932479998382211,14.127437125946102,0.8877842449326704,5.306423490580476,2.866437334056667,1.4239143217121852,5.203380585463221,]
,["GNB-k58", "Kama-GNB",14.436318782137867,14.782880703635728,0.8872338347642486,5.649031249806735,3.200919292077046,2.4218927752972816,4.82438807765776,]
,["GNB-k59", "Kama-GNB",13.26434657004055,13.446235797952493,0.8745907665699266,5.4927317138148215,3.178121373431743,2.7176036527270653,4.971578629950798,]
,["GNB-k60", "Kama-GNB",16.056594388589414,14.19812487410887,0.8656709773295294,5.141815852449775,3.4414801808353133,2.5035407433369614,4.727528020043849,]
,["GNB-k61", "Kama-GNB",16.115028527068553,14.240136596695166,0.8658456021287133,5.996640277076109,3.604939305284028,1.6725020554174537,5.029906457109728,]
,["GNB-k62", "Kama-GNB",12.629002419755487,14.543117148692028,0.8736370758087321,5.528871276974638,3.4187757691324747,3.6216671141418217,5.145843026847911,]
,["GNB-k63", "Kama-GNB",15.284339918593506,14.438184464687499,0.9036781255987483,5.3978511230956014,3.110328940528794,3.3426253581740863,5.481458142073612,]
,["GNB-k64", "Kama-GNB",13.163189126427278,13.802295350196976,0.907972279054117,5.639040069940921,3.283299947620579,1.5986707237807551,5.242377106407918,]
,["GNB-k65", "Kama-GNB",15.75436180802737,14.340893853864028,0.8832916018741479,5.627684335798162,3.2441318678963365,3.2593665291988825,5.033218591546209,]
,["GNB-k66", "Kama-GNB",15.680716257276158,14.021125170907952,0.8872968533768526,5.645783318802735,3.3769370480690357,4.277580801012556,4.937230300351186,]
,["GNB-k67", "Kama-GNB",14.685726727725134,14.470178312535593,0.9004639363317823,5.567763115169378,3.1591289340600364,4.545342287455533,4.982728903876605,]
,["GNB-k68", "Kama-GNB",17.07888780142161,13.64501088638988,0.8815344838796777,5.2800579548573054,3.4206459370489153,1.5899681351878028,5.630226336213384,]
,["GNB-k69", "Kama-GNB",14.717748724385423,15.070254965184068,0.8819572011329362,5.9157430891502045,2.956104036669193,1.5344700456092568,5.265413207227011,]
,["GNB-r0", "Rosa-GNB",19.277881552132545,15.776783871311528,0.8887785591130994,6.33788769626484,3.6510974478670697,4.235844576930189,6.341493821650609,]
,["GNB-r1", "Rosa-GNB",17.681848163906682,15.81959359564742,0.8991028169328683,6.250981100956299,3.7141431396740026,1.817360148214706,5.715587430974702,]
,["GNB-r2", "Rosa-GNB",22.156169809293367,17.13546626793129,0.8872987664220907,6.03291441854881,3.6567142629912346,0.40631079952185356,5.837207643168958,]
,["GNB-r3", "Rosa-GNB",18.88621691955477,16.611460890395865,0.8620802962981027,6.281251512167669,3.629978180906434,3.902112759100197,5.902179258384163,]
,["GNB-r4", "Rosa-GNB",18.03496316842635,15.495228844872555,0.8953447301704688,5.856558332213082,3.561747923005627,1.9958060620990217,5.807615787761116,]
,["GNB-r5", "Rosa-GNB",17.532081146922867,16.440026832787787,0.878617687112486,6.251654194757425,3.5738316063563476,4.5274740449457225,6.166142067464791,]
,["GNB-r6", "Rosa-GNB",18.028579593302272,15.00536611633005,0.8659217945671309,6.579078226165767,3.696322571275673,2.478258183727636,5.88015234911967,]
,["GNB-r7", "Rosa-GNB",18.422492450285404,15.776688418679274,0.8935027576273873,6.211899828731582,3.9055550583759606,2.645145909620263,6.486295386383572,]
,["GNB-r8", "Rosa-GNB",17.369815965881127,15.042675786727921,0.8835568327073524,6.090727573252713,3.7035550283769547,4.48262061079241,5.639385460764495,]
,["GNB-r9", "Rosa-GNB",17.274012673042648,16.49915223849561,0.8905235959388005,6.571190737753058,3.5946736075689465,3.2126146801938797,6.328945505077124,]
,["GNB-r10", "Rosa-GNB",18.102603909042614,16.168229870224575,0.8695543804618495,5.99139952435823,3.775297315952817,3.377191372343938,6.182249002504719,]
,["GNB-r11", "Rosa-GNB",19.554947974395393,15.062702547798239,0.8636496146389953,6.396345971052545,3.868284830386809,3.592382157506863,6.1541017651595915,]
,["GNB-r12", "Rosa-GNB",17.457775112784052,15.837289140352617,0.8926699148981713,5.700877774427648,3.7694692256430913,2.7584245980219158,5.769450636779624,]
,["GNB-r13", "Rosa-GNB",21.207922765967837,18.2278292485811,0.8873121549804455,5.864111261476881,3.472917701635301,3.5808731755628562,5.888828451026799,]
,["GNB-r14", "Rosa-GNB",20.063141650384928,16.31484325711059,0.8826882147407207,6.0794495339122,3.5582641707080835,1.9501508838244175,6.01791887003115,]
,["GNB-r15", "Rosa-GNB",18.83430292710198,15.806302134154103,0.9171175587939789,5.761654853320769,3.7088010652943435,2.2001033343256218,6.159792537071466,]
,["GNB-r16", "Rosa-GNB",17.036453175734064,16.30717280246795,0.876246254826985,6.048563937086342,3.363006348318979,3.0126251574624017,5.739091806826168,]
,["GNB-r17", "Rosa-GNB",16.739884448715863,16.680323234063955,0.9050991159410758,6.015594494930838,3.70710792970131,4.575639144853676,6.489966148420258,]
,["GNB-r18", "Rosa-GNB",19.970895354505295,15.650944879530659,0.8861726166192733,6.509986791833583,3.1994250600551726,3.281771456584857,6.00738408023799,]
,["GNB-r19", "Rosa-GNB",19.32712280802537,15.1873696995357,0.8501747836247873,6.353806214207785,3.539431066090557,4.473153116588308,6.128688773414396,]
,["GNB-r20", "Rosa-GNB",19.603791404273007,16.054656878520156,0.8880909333033291,6.213265468327798,3.9091010695810215,5.057174527420505,5.821023592119329,]
,["GNB-r21", "Rosa-GNB",18.042311623277065,15.593039362648874,0.8919828438196648,6.024782044753968,3.900599851852968,2.335763667405663,5.6718632331145225,]
,["GNB-r22", "Rosa-GNB",16.90154331829998,16.656154967603456,0.8846475636238132,5.793054724202696,3.8009005781142267,1.359768610820506,6.000698904605396,]
,["GNB-r23", "Rosa-GNB",19.74871474150865,15.598930455002092,0.8688483288502172,5.778308608991916,3.690890407048948,3.595369170765309,5.731972117398977,]
,["GNB-r24", "Rosa-GNB",19.20135642725974,15.992890614913202,0.898733662965354,6.133309746535866,3.5802383496646817,3.8309351265758975,5.701075568681054,]
,["GNB-r25", "Rosa-GNB",19.354586698071028,16.102720304569473,0.88726865352824,5.937770229335907,3.5957104766272665,2.1777168187568314,5.666258528656816,]
,["GNB-r26", "Rosa-GNB",18.96051451731079,16.73370214140263,0.8621217715589081,6.243015283430904,3.6075368642461183,1.9870673153866862,6.1589346029875065,]
,["GNB-r27", "Rosa-GNB",20.12508993489861,16.420299803309177,0.8882720057905018,5.965694675963832,3.876229446328321,5.077281480638475,5.9828038681520885,]
,["GNB-r28", "Rosa-GNB",19.37860722350173,17.193984957729526,0.8939008613669397,6.281057151937345,3.8440180840702984,4.784548967095797,5.7248091971199715,]
,["GNB-r29", "Rosa-GNB",20.144417172405458,15.213382503986457,0.8876015489665793,6.328325619767376,3.8862398058386565,2.459072375811184,5.94206565359666,]
,["GNB-r30", "Rosa-GNB",17.947621136975975,15.893860206714272,0.9001702789393438,5.582866853668039,3.8390326150495837,4.092418808109633,6.102849750900316,]
,["GNB-r31", "Rosa-GNB",19.22468225152794,16.351252119127707,0.8883853883471481,6.108269929141907,3.431303971311811,5.804536627260962,5.993564931770314,]
,["GNB-r32", "Rosa-GNB",18.170217928088743,15.084883131827905,0.860606229510481,6.0296562001333855,3.699974059485228,5.9548708650333095,6.512600221850401,]
,["GNB-r33", "Rosa-GNB",17.182325327455818,14.692752969928645,0.8795360764317878,6.225516406901851,3.851676424600575,1.8276590734774074,6.061262257261467,]
,["GNB-r34", "Rosa-GNB",19.615827883826967,16.747785463801954,0.8691656859126645,5.846175758654793,3.6713855964723274,5.18776844682206,5.971989090677548,]
,["GNB-r35", "Rosa-GNB",18.338282015606623,16.012510577050477,0.8688292905250612,6.646097264608488,3.5216049873534816,3.942690946719855,6.106533994211183,]
,["GNB-r36", "Rosa-GNB",17.08440158131587,16.518577055254575,0.9015417233426736,5.711462351113467,3.226472239345791,0.953823386297243,5.9169418481745355,]
,["GNB-r37", "Rosa-GNB",18.63144355568323,15.476175906321776,0.8771530976282396,6.670139549936344,3.661848114670715,3.404406415203405,5.712086298115947,]
,["GNB-r38", "Rosa-GNB",15.997675481250523,17.08197089756485,0.8799518737821506,6.073226907175206,3.8729202853555096,5.231671185085403,6.292584744748468,]
,["GNB-r39", "Rosa-GNB",17.217858000226688,16.775630193041277,0.887042100617313,6.027257309886615,3.8943066085118927,3.0555111694500234,6.187396563195897,]
,["GNB-r40", "Rosa-GNB",19.827700739520832,16.56290130309483,0.8874896657094595,6.169264569578559,3.651504837856878,2.7717841735875055,5.575979559594844,]
,["GNB-r41", "Rosa-GNB",19.096455011552564,16.66530230726832,0.8761295634381873,5.94734990850061,3.497059976816316,1.9304046955024743,5.831742610734142,]
,["GNB-r42", "Rosa-GNB",17.463951100942854,16.4109870876373,0.8680474114505692,5.97903451488891,3.8907401951092653,6.414577132116709,5.858317332918332,]
,["GNB-r43", "Rosa-GNB",20.233051836015473,15.328227018198028,0.8851465379839796,5.979231713568208,3.7915812912814006,5.166648819144239,5.871522121274869,]
,["GNB-r44", "Rosa-GNB",18.74830901159121,15.979406209273382,0.8700591487394723,6.484861794289316,3.789672225159568,6.216490659753957,6.2254042751464285,]
,["GNB-r45", "Rosa-GNB",19.061894512391426,16.23941422779276,0.8773042450520829,6.258602749238158,3.556268041535192,3.637995741540247,5.2582978108980605,]
,["GNB-r46", "Rosa-GNB",20.02451486148262,16.99758837776234,0.8878661165790482,5.742148812061624,3.6247756883194913,2.2265643742410908,5.827887075926734,]
,["GNB-r47", "Rosa-GNB",16.027826583694946,16.70106941477298,0.8769489569613848,5.832245710749842,3.629874618829886,4.146953691752329,5.698569768590124,]
,["GNB-r48", "Rosa-GNB",17.15110709875362,15.002700012644011,0.8771033071937983,5.673209104207409,3.9260974557640522,3.265339046433758,6.0578870350230405,]
,["GNB-r49", "Rosa-GNB",17.468695965410824,15.750328741399507,0.917237575096917,5.1284163036433705,3.740117940478132,2.154454635207915,5.697399321876782,]
,["GNB-r50", "Rosa-GNB",17.187626641932415,15.155501537783863,0.8759778471836198,6.111556971836008,3.6464027604481397,2.700470230235597,5.823140638474865,]
,["GNB-r51", "Rosa-GNB",19.280906355190144,15.541748445365268,0.8863971680339989,5.626162328652301,3.595995327149001,2.839120850986757,6.215654906215598,]
,["GNB-r52", "Rosa-GNB",17.907204066450614,15.236147608717168,0.8987594914980399,5.874695618323398,3.7508143729207477,0.8585881008935243,5.823970829511153,]
,["GNB-r53", "Rosa-GNB",15.479960415033156,16.521831014030305,0.8708575762160745,5.958802421128508,3.3364201083922316,3.890420539437474,6.1933414910405045,]
,["GNB-r54", "Rosa-GNB",18.22047130004352,16.520419669707724,0.8974413451425639,6.148355751092258,3.810314554907928,4.4589470207892195,6.308590870206377,]
,["GNB-r55", "Rosa-GNB",18.874680710157993,15.553131467776526,0.863901379756718,6.988034384227409,3.343774941781273,5.068405028302543,5.808515832519686,]
,["GNB-r56", "Rosa-GNB",18.035020139358657,16.19798906668746,0.8990803093101969,5.841675504516967,3.402569244382422,3.9418588178320157,5.932695828725465,]
,["GNB-r57", "Rosa-GNB",19.744588718962063,16.490528196255298,0.8729242680297211,6.3209631832169215,3.402259874987227,3.118559119827934,6.3008016632053305,]
,["GNB-r58", "Rosa-GNB",19.97599046247551,16.310364375733574,0.8904720221648355,6.146843341761211,3.712228256754866,3.5452970659381178,5.539598311155648,]
,["GNB-r59", "Rosa-GNB",19.4773808804293,15.756545413896006,0.9106739230145044,6.184863196724637,3.709800941392215,2.7516931475451702,6.073682612938772,]
,["GNB-r60", "Rosa-GNB",17.363832917787878,14.845890253896997,0.8960280151939464,6.327253017391123,3.645200703101571,2.9893027051909553,6.608748350117328,]
,["GNB-r61", "Rosa-GNB",21.970047450724877,16.023695396146195,0.8928950482016816,6.216934313237516,3.717447218374993,5.232531883353992,6.419648797269003,]
,["GNB-r62", "Rosa-GNB",17.204367344193326,15.006126725241542,0.8987771955004178,6.10262040021234,3.561659474623891,1.0926204560878472,5.993917446564245,]
,["GNB-r63", "Rosa-GNB",16.422120026588548,16.881747367852803,0.8872224374623484,6.288948970161178,3.48371074504834,3.2010213444781552,6.1343273005398915,]
,["GNB-r64", "Rosa-GNB",17.056795373409383,16.52315701640244,0.8852865254806749,6.158209514273004,3.666472186266303,4.462120281585006,5.927602720741181,]
,["GNB-r65", "Rosa-GNB",18.010234796974864,16.853943683837784,0.8686185140053554,6.4293598543791255,3.58886953924109,3.9802956088640307,5.45983509978962,]
,["GNB-r66", "Rosa-GNB",19.288143328395496,16.091292290764624,0.8909261901518395,6.017787183403802,3.554152117368386,3.6285177430343167,6.348654485105602,]
,["GNB-r67", "Rosa-GNB",17.585236829073477,16.29419090017176,0.8865279345812034,6.329377641586915,3.797176343667661,2.004560932853977,5.620511812968014,]
,["GNB-r68", "Rosa-GNB",18.16751260006537,16.465677885010663,0.8835843669430523,6.32569508777243,3.3855085292989293,4.468907211029046,6.122335262777941,]
,["GNB-r69", "Rosa-GNB",18.27303907090379,15.749375668581303,0.8794136569050686,5.95685099929836,3.68896475248753,4.625098421839679,5.950357314359786,]
,["GNB-c0", "Canadian-GNB",11.55965384001508,13.210536656316885,0.8442664931533593,5.141393719700572,2.936303159125687,3.8434341956100164,5.212760518574827,]
,["GNB-c1", "Canadian-GNB",11.225145141275092,13.411153069947476,0.8307636097256432,5.258828321161467,2.9426536454804526,5.8398992836802845,5.2711093266664175,]
,["GNB-c2", "Canadian-GNB",10.961952114677077,13.07967407881607,0.8553174799510287,5.3202120967013045,2.8494390857595877,6.455531159276799,5.214910920085001,]
,["GNB-c3", "Canadian-GNB",12.999491241341891,12.945743112355137,0.856668649179241,5.35326528322723,3.085079485579498,5.793736073271102,4.978117650321594,]
,["GNB-c4", "Canadian-GNB",12.45326609766219,13.00462215647092,0.7916590601975244,5.187023173899165,2.6921186756637803,4.7172574670384355,5.4795563891065076,]
,["GNB-c5", "Canadian-GNB",12.276744419115454,13.638438427765974,0.8506098758332078,5.264055791520166,2.8202498246331764,3.8961795769717247,5.563613912849384,]
,["GNB-c6", "Canadian-GNB",9.906931317786905,12.83416344508442,0.8071718662669586,5.075117082328931,2.6646544831601933,4.685849677765804,5.1845572216641385,]
,["GNB-c7", "Canadian-GNB",12.06630472915161,13.68433020066016,0.8319219079811493,5.263379395667298,2.7382796545762176,5.071565461134991,5.052578904043772,]
,["GNB-c8", "Canadian-GNB",11.795335662976871,12.392626845951076,0.8295662769558108,5.137764548536326,2.9529089797596364,4.34389868931459,5.170813790464531,]
,["GNB-c9", "Canadian-GNB",12.509152632637525,13.15460697095809,0.8159738947760576,5.304627449666924,3.1154503382913847,5.4464385770801025,5.205651660133237,]
,["GNB-c10", "Canadian-GNB",12.070627269466435,13.404717905363801,0.8450064364165952,5.255874442843374,2.6946717162212037,4.582560843639146,5.056145445874795,]
,["GNB-c11", "Canadian-GNB",11.416009686255242,13.296944010068833,0.8392472534537015,5.207460903777083,2.9180066600167858,5.607127277374731,5.166285179063699,]
,["GNB-c12", "Canadian-GNB",11.304860862066695,12.883990614357788,0.8491862140944155,5.196373876618937,2.8393206771156265,5.709240636321463,5.209382643146597,]
,["GNB-c13", "Canadian-GNB",12.297355428750322,13.121141042510198,0.8355604804490407,5.062283799349018,2.798745601971865,1.9693420927331133,5.098114351047158,]
,["GNB-c14", "Canadian-GNB",12.003307794894885,13.315971094606518,0.8266777925904386,5.4342176811359035,2.7786142587510607,0.7186555703436261,5.084939393685193,]
,["GNB-c15", "Canadian-GNB",12.560210742051062,12.756171098328416,0.8415930340669067,4.897182309002276,2.9800704664498148,5.663985578804436,5.149747735282415,]
,["GNB-c16", "Canadian-GNB",10.758212689427854,13.536793183273447,0.8845328738414003,5.236721283982082,2.645965354634477,6.148117948200552,4.954258309292411,]
,["GNB-c17", "Canadian-GNB",11.894747610267679,13.716521672714986,0.8288235807281753,5.063871373159537,2.8146559161442974,4.590565506435749,5.196956284741316,]
,["GNB-c18", "Canadian-GNB",12.39312963743083,13.718942335802407,0.8570718391842786,4.797588779349077,2.8054405337660753,4.233844944316026,5.280237395031203,]
,["GNB-c19", "Canadian-GNB",11.574842798958183,13.568928715768322,0.8534555370656524,5.311548489258511,2.8983149044973873,3.4007620384760777,5.262765836368155,]
,["GNB-c20", "Canadian-GNB",11.41911754026005,12.928112981664514,0.8652850013980876,5.083649720049241,2.85161678885024,5.189798984262288,5.288866079918957,]
,["GNB-c21", "Canadian-GNB",11.504585442267258,13.64681713066998,0.8844670182515412,5.283978652728272,2.654826179414432,5.568148503614542,4.736532999685112,]
,["GNB-c22", "Canadian-GNB",12.289030392745964,12.866014974753732,0.8722482703526906,5.184271338992825,2.696750721190356,5.530664741048597,5.0934954744411485,]
,["GNB-c23", "Canadian-GNB",11.206449721608157,13.295226719030813,0.8680481640287308,5.2882106532863355,2.574217317964868,3.0525703919925697,4.822217228337147,]
,["GNB-c24", "Canadian-GNB",12.570950277184624,13.337968238272863,0.8681973982753867,5.163161237181112,2.69069686525287,4.4522099521398655,5.0736661494809905,]
,["GNB-c25", "Canadian-GNB",12.645445954344373,13.151570468453679,0.8353988508190987,5.426769243450288,2.9298199945338776,5.098763525670978,4.956489379496782,]
,["GNB-c26", "Canadian-GNB",12.74236262853051,13.210755369753404,0.8498602067536803,5.294352461425366,2.8276047398851323,7.23961042200451,5.067612434463559,]
,["GNB-c27", "Canadian-GNB",13.127330680999245,13.28924665068159,0.8772846222171481,5.341775823895972,2.733386728297104,5.25132761731942,5.134788072040783,]
,["GNB-c28", "Canadian-GNB",12.45989729050166,12.919026070992055,0.8427461922609136,5.375530923529298,2.89797427014787,5.299385679866024,5.164652943725629,]
,["GNB-c29", "Canadian-GNB",10.05313095846198,12.767708112145863,0.8548484788756759,5.257384940773726,3.110990461455107,3.670900871451959,5.112267898831946,]
,["GNB-c30", "Canadian-GNB",11.3903199042426,13.09478816285849,0.8585845679073276,5.392026930912268,3.047471979413089,3.693398188000192,5.03657105532189,]
,["GNB-c31", "Canadian-GNB",13.194523567368696,12.620644202235901,0.8327901379348943,5.166611839829062,2.89012248084187,1.77874137507576,5.097154395205253,]
,["GNB-c32", "Canadian-GNB",11.214926952875032,13.313647642955173,0.8366225789604029,5.195039080102048,3.005433666700014,3.4861791190822444,5.0916638896079105,]
,["GNB-c33", "Canadian-GNB",12.342410743645145,12.970477948902706,0.8219143417193338,5.2712891074674,2.967779973439599,5.525030825352733,5.279963899418384,]
,["GNB-c34", "Canadian-GNB",10.382022497635317,13.37854206083501,0.8289743532793102,5.129717653538368,2.8864876008525995,7.062949806683626,5.557491185425131,]
,["GNB-c35", "Canadian-GNB",11.282150052469223,13.439011139372145,0.8167726364774988,5.510602209622411,2.9273728093241655,3.8860262410728725,5.500492317661009,]
,["GNB-c36", "Canadian-GNB",11.008463672967718,12.786639249641652,0.8631410143449976,5.248840498359137,2.9054560292562877,5.227631453335574,5.1622529749698565,]
,["GNB-c37", "Canadian-GNB",12.67567993547992,12.884916105685443,0.8884012821294023,5.123237850413315,2.748812296192327,2.8677918790531876,5.170029825240555,]
,["GNB-c38", "Canadian-GNB",12.169072223597986,13.378487393076762,0.8322497761887876,5.009393774351268,2.9323872545243743,4.105870461278482,5.021989483067932,]
,["GNB-c39", "Canadian-GNB",12.524799564366727,13.596596567253775,0.8670695706457271,5.265479093683842,2.8381285792553292,4.664698407431645,4.868116949311964,]
,["GNB-c40", "Canadian-GNB",12.741074959534387,12.80527712895375,0.8434079543156587,5.2031570331421655,2.885831890726061,3.956898128808661,5.424295110443785,]
,["GNB-c41", "Canadian-GNB",14.051404111027475,12.901874668580717,0.8583483589910066,5.425339460673823,3.0527942843357367,3.3557974969440045,4.997823756890922,]
,["GNB-c42", "Canadian-GNB",11.335739225615276,13.643940756998793,0.8380398589616089,5.395854475007075,2.891356562068873,7.660603647775567,4.996678122221662,]
,["GNB-c43", "Canadian-GNB",11.245136496505523,13.702787756061431,0.8646328618925635,5.297953691669742,2.9664717697596834,4.067204930046865,4.850055787203744,]
,["GNB-c44", "Canadian-GNB",11.79941290119542,13.281828843900698,0.8662360698906615,5.331910726055404,2.8909191962430816,3.6529110361748574,5.15006913353101,]
,["GNB-c45", "Canadian-GNB",12.215664833243583,13.513742775345444,0.8394977955631778,5.313709409384704,2.7303876552890816,5.155482536233155,5.151261678339325,]
,["GNB-c46", "Canadian-GNB",11.846755947788694,13.132036993961691,0.828116999713188,5.080033669600948,2.830723718384707,3.5295736522026413,5.081302848176634,]
,["GNB-c47", "Canadian-GNB",12.134449918135331,12.938626128128131,0.8253242980404067,5.284489363349371,2.7290245747188377,3.2610574672691763,5.244436973318789,]
,["GNB-c48", "Canadian-GNB",10.926167326720194,13.007366807091016,0.8421758489911881,5.189285496202893,2.920261279259563,2.8069921069526815,4.902479716640651,]
,["GNB-c49", "Canadian-GNB",10.418100636797336,12.698094162115357,0.8434181300886117,5.172323399874143,2.869476467944905,4.773541049348351,4.6376687243238965,]
,["GNB-c50", "Canadian-GNB",11.305031962062614,13.30482556634549,0.825211744158119,5.206175643103091,3.000515910261841,4.242352940270626,5.205856445656238,]
,["GNB-c51", "Canadian-GNB",13.071909865493755,13.060696118109199,0.8298078281694097,5.168442443528394,2.843138296293395,4.901780529869484,5.237226927299823,]
,["GNB-c52", "Canadian-GNB",12.303260970362846,13.438173674631214,0.8802225372660942,5.166735231456796,3.0082275502865103,4.47725687303065,5.211887224226048,]
,["GNB-c53", "Canadian-GNB",12.755403991977676,13.447203410751385,0.8554196347779421,5.378179145775684,2.7783290182260787,5.614029913185044,5.067214083377139,]
,["GNB-c54", "Canadian-GNB",11.216013145402929,13.106943719410244,0.8496224472507811,5.388407477207774,2.6131161948103743,6.8961836628939785,5.234242126153118,]
,["GNB-c55", "Canadian-GNB",13.204293434905658,13.54027639923176,0.857298395076941,5.311271834566272,2.4753028580133583,5.74112046771679,4.759768168604366,]
,["GNB-c56", "Canadian-GNB",11.982667943117693,12.915077462061936,0.8046757815719594,4.991099810827681,2.9454355668683916,2.7659431684158493,5.166059286523637,]
,["GNB-c57", "Canadian-GNB",10.892321809719837,13.091078838488741,0.8836132865426173,5.362182072452033,2.790619254273441,2.067730416542964,5.256857985638344,]
,["GNB-c58", "Canadian-GNB",11.988879446914051,13.287838206013465,0.85825042997588,5.2828860401299345,2.6617507414636017,3.6918146034187207,4.802612687071656,]
,["GNB-c59", "Canadian-GNB",11.754310521640672,12.942623413859343,0.8826911092101376,5.3625390080281115,2.8944456295584904,5.293166352991705,4.843143817410065,]
,["GNB-c60", "Canadian-GNB",11.195295774288972,12.858224204509558,0.8517968099856588,5.1997049446990715,2.710019349999415,3.75614855576031,5.376206123069977,]
,["GNB-c61", "Canadian-GNB",12.032439499878762,12.78824259461229,0.8476861397637626,5.218952724136583,2.769355490346375,5.127662418235537,4.984117826515227,]
,["GNB-c62", "Canadian-GNB",11.924313158512968,12.580033566455445,0.8279216819047356,5.263336558163028,2.848365131488369,5.287975460826112,5.147810627973012,]
,["GNB-c63", "Canadian-GNB",11.767026838090743,13.637884958990954,0.8685222125779636,5.119276761532097,2.8852251520668655,4.425007242732024,5.10996249689221,]
,["GNB-c64", "Canadian-GNB",12.84766142714482,13.210388776817842,0.850597420774485,4.86212647146561,3.0233143718328184,4.515588570926706,5.021747078817555,]
,["GNB-c65", "Canadian-GNB",13.084711245070611,13.184663427589498,0.8421268428102675,5.330572439893082,2.8543846716946084,6.074728846215379,5.016702705754323,]
,["GNB-c66", "Canadian-GNB",12.59294713359424,13.313057079605857,0.8608946958284971,5.130909512385232,3.2079192055709576,2.8935550502461704,5.121162230901243,]
,["GNB-c67", "Canadian-GNB",12.926547739124288,13.351202198323492,0.8570717542192509,5.280142480756844,2.7928378073865794,4.35166487517587,5.2735164852985275,]
,["GNB-c68", "Canadian-GNB",12.243556012710036,12.832519941720939,0.8254546063465534,5.329994254092893,2.7610008636050978,4.803944421429793,5.051453877432576,]
,["GNB-c69", "Canadian-GNB",12.296241167876078,12.497451223607278,0.8496859862816301,5.355346423681224,2.900103735900637,5.042996899823535,5.203490219453578,]

